18991237283

13072906155

13891953993

13991310146

13991235786

13891929625

13991938889

13891963131

13991963007

13991381600

13991809340

18991232283

18991232178

18991232521

18991232441

18991232216

18991232087

18991232231

18991237503

13488210022

18991237281

13571886176

13032908044

18991232436

13659115941

13689289208

18991232276

18991232817

18991232667

18991232831

13186000587

13720555179

15002989790

18991232167

18991232256

18991232409

18991232152

18991232225

18991232143

13838448460

18991232440

13572051487

13991209991
13891896986

18991232560

13319286228

18991232250

13509181823

18991232559

13991969331

18991982840

15591821729

13325461545

13991118540

18991232672

18991232214

18991232667

18991237512

13991719105

18992312998

18991232603

18991232697

13468832121

13909210570

18991232295

18991232716

18991232213

13891910099

13991826552

15091897136

18991232849

18991232261

13991123387

13991321771

18991232223

18991232140

18991232190

13700222215

18681826607

13909271092

13359182107

13571921695

13572911667

13909286186

13991971989
18991232191

18991232486

18991232968

13991895881

15191422413

13909266195

18991237510

13572906890

18991237508

15109236502

18991237398

15991752560

13572193606

15102968258

13720778763

15991748706

18700188099

15319901937

13309292900

18991237139

13679229371
18991237523

13032933919

13700228656

18991232402

18991232013

13772151091

18991353968

13991966126

18991237270

18991232189

18991232816

18991232819

18991232823

18991232506

18991232180

18991232181

13991182898

13700283101

13700238358

13384980586

18991232663

18991232453

13991359939

18991232215

13991262723

18991232196

18049033900

13891938179

18992273968

18991232171

18991232539

13572887605

13201492858

13992847698

13572840875

18991237528

18991237520

18991819317

18991232616

18991232615

18991232613

18991232612

13572849830

13891436878

13572847352

13709256387

13572051487
18092293357
18133960473
13060384913
18710309980